1
101 100
80 82
33 80
50 33
97 50
52 97
24 52
89 24
51 89
64 51
70 64
14 70
48 14
63 48
58 63
38 58
19 38
43 19
2 43
13 2
47 13
61 47
98 61
3 98
20 3
16 20
21 16
57 21
67 57
96 67
88 96
73 88
74 73
37 74
55 37
23 55
91 23
42 91
79 42
45 79
8 45
46 8
75 46
99 75
17 99
27 17
6 27
11 6
78 11
44 78
18 44
39 18
36 39
83 36
10 83
69 10
60 69
30 60
53 30
95 53
85 95
34 85
22 34
100 22
71 100
87 71
40 87
5 40
68 5
76 68
49 76
1 49
72 1
92 72
12 92
15 12
31 15
90 31
66 90
62 66
41 62
86 41
84 86
26 84
4 26
56 4
29 59
94 29
59 94
81 59
9 81
77 9
65 77
32 65
28 32
7 28
25 7
35 25
93 35
54 93
0 54
